9,70,0.05

{'n_estimators': 100, 'learning_rate': 0.05, 'max_depth': 9}
[ 0.  0.  0. ...,  0.  0.  0.]
[[ 0.96423739  0.03576261]
 [ 0.98325974  0.01674025]
 [ 0.98154628  0.01845372]
 ..., 
 [ 0.97480696  0.02519303]
 [ 0.98842055  0.01157945]
 [ 0.99169457  0.00830544]]
0.883687015991
0.937229048109
[[15112  1002]
 [ 1311  2461]]
             precision    recall  f1-score   support

        0.0       0.92      0.94      0.93     16114
        1.0       0.71      0.65      0.68      3772

avg / total       0.88      0.88      0.88     19886

------------------------------------------------------------

{'n_estimators': 100, 'subsample': 0.7, 'learning_rate': 0.05, 'max_depth': 9}
[ 0.  0.  0. ...,  0.  0.  0.]
[[ 0.9917618   0.00823819]
 [ 0.92124617  0.07875383]
 [ 0.94420987  0.05579012]
 ..., 
 [ 0.78481215  0.21518786]
 [ 0.9928506   0.00714937]
 [ 0.99474633  0.00525367]]
0.882161298254
0.938283048091
[[12177   831]
 [ 1086  2174]]
             precision    recall  f1-score   support

        0.0       0.92      0.94      0.93     13008
        1.0       0.72      0.67      0.69      3260

avg / total       0.88      0.88      0.88     16268

---------------------------------------------------------------------

{'n_estimators': 100, 'subsample': 0.7, 'learning_rate': 0.05, 'max_depth': 9}
[ 0.  1.  0. ...,  0.  0.  0.]
[[ 0.99413234  0.00586768]
 [ 0.34552479  0.65447521]
 [ 0.99524999  0.00475003]
 ..., 
 [ 0.99106592  0.00893406]
 [ 0.95460916  0.04539087]
 [ 0.99421525  0.00578474]]
0.887078147055
0.939838686036
[[11754   788]
 [  972  2072]]
             precision    recall  f1-score   support

        0.0       0.92      0.94      0.93     12542
        1.0       0.72      0.68      0.70      3044